46.500000 -25.000000 -25.000000 0.000000 -77.000000 2.451905 
42.100000 -25.000000 -25.000000 0.000000 -77.000000 1.936046 
46.100000 -25.000000 -25.000000 0.000000 -78.000000 1.788854 
50.200000 -25.000000 -25.000000 0.000000 -80.000000 0.000000 
54.800000 -25.000000 -25.000000 0.000000 -80.000000 0.000000 
81.333333 -25.000000 -25.000000 0.000000 -75.000000 2.670407 
125.600000 -25.000000 -25.000000 0.000000 -75.000000 2.670407 
126.000000 -25.000000 -25.000000 0.000000 -80.000000 1.197424 
110.600000 -25.000000 -25.000000 0.000000 -80.000000 1.653552 
56.300000 -25.000000 -25.000000 0.000000 -80.000000 2.076090 
71.300000 -25.000000 -25.000000 0.000000 -78.000000 2.239855 
82.000000 -25.000000 -25.000000 0.000000 -78.000000 2.211467 
84.700000 -25.000000 -25.000000 0.000000 -78.000000 2.061048 
57.100000 -25.000000 -25.000000 0.000000 -79.000000 2.012143 
42.100000 -25.000000 -25.000000 0.000000 -79.000000 2.003596 
61.400000 -25.000000 -25.000000 0.000000 -79.000000 1.945234 
69.600000 -25.000000 -25.000000 0.000000 -79.000000 1.773869 
78.300000 -25.000000 -25.000000 0.000000 -79.000000 1.699452 
59.900000 -25.000000 -25.000000 0.000000 -78.000000 2.141532 
104.700000 -25.000000 -25.000000 0.000000 -78.000000 2.463920 
145.100000 -25.000000 -25.000000 0.000000 -78.000000 2.330019 
155.555556 -23.000000 -25.000000 0.260378 -80.000000 2.158127 
79.600000 -23.000000 -25.000000 0.314281 -81.000000 1.941126 
41.800000 -23.000000 -25.000000 0.334039 -81.000000 1.799168 
34.900000 -24.000000 -25.000000 0.219784 -81.000000 1.810515 
62.222222 -24.000000 -25.000000 0.141421 -82.000000 1.752549 
69.500000 -25.000000 -25.000000 0.000000 -82.000000 2.221228 
76.100000 -23.000000 -25.000000 0.324443 -82.000000 2.247964 
64.500000 -23.000000 -25.000000 0.294884 -82.000000 1.977286 
82.111111 -23.000000 -25.000000 0.277350 -82.000000 1.878974 
75.300000 -25.000000 -25.000000 0.000000 -80.000000 1.775058 
100.200000 -23.000000 -25.000000 0.272166 -80.000000 1.720209 
77.200000 -23.000000 -25.000000 0.260378 -80.000000 1.674228 
70.700000 -21.000000 -25.000000 0.783002 -79.000000 1.761329 
59.100000 -21.000000 -25.000000 0.746314 -79.000000 2.108816 
48.800000 -21.000000 -25.000000 0.830900 -79.000000 2.179190 
53.666667 -22.000000 -25.000000 0.454158 -80.000000 1.996226 
52.800000 -22.000000 -25.000000 0.454158 -80.000000 1.887883 
64.100000 -20.000000 -25.000000 0.847986 -82.000000 1.742902 
90.800000 -20.000000 -25.000000 0.841065 -82.000000 1.848729 
100.500000 -20.000000 -25.000000 0.841065 -82.000000 1.730199 
100.500000 -25.000000 -25.000000 0.000000 -84.000000 1.513514 
71.400000 -24.000000 -25.000000 0.184059 -83.000000 1.691586 
52.333333 -24.000000 -25.000000 0.184059 -83.000000 1.707958 
48.300000 -21.000000 -25.000000 0.670211 -83.000000 1.734058 
67.100000 -21.000000 -25.000000 0.674223 -83.000000 1.550569 
63.300000 -20.000000 -25.000000 1.128255 -82.000000 1.940659 
66.200000 -20.000000 -25.000000 0.918906 -82.000000 1.887346 
47.900000 -20.000000 -25.000000 0.901925 -82.000000 1.861899 
53.000000 -23.000000 -25.000000 0.480995 -85.000000 1.541424 
67.100000 -21.000000 -25.000000 0.733385 -85.000000 1.584797 
80.900000 -21.000000 -25.000000 0.697858 -85.000000 1.445820 
105.800000 -21.000000 -25.000000 0.610640 -84.000000 1.443662 
124.888889 -24.000000 -25.000000 0.130189 -84.000000 1.489492 
127.600000 -24.000000 -25.000000 0.130189 -84.000000 1.402594 
94.000000 -24.000000 -25.000000 0.131306 -84.000000 1.379239 
64.600000 -22.000000 -25.000000 0.416604 -85.000000 1.777752 
85.200000 -22.000000 -25.000000 0.420266 -85.000000 1.831808 
127.600000 -22.000000 -25.000000 0.397360 -84.000000 2.062616 
160.200000 -22.000000 -25.000000 0.430605 -83.000000 1.707338 
148.900000 -22.000000 -25.000000 0.494269 -83.000000 1.838290 
116.500000 -22.000000 -25.000000 0.721737 -83.000000 1.556470 
95.900000 -22.000000 -25.000000 0.615249 -84.000000 1.620490 
87.000000 -22.000000 -25.000000 0.566484 -83.000000 1.735635 
86.100000 -24.000000 -25.000000 0.181020 -83.000000 1.662141 
72.100000 -24.000000 -25.000000 0.253555 -83.000000 1.805084 
49.700000 -24.000000 -25.000000 0.255609 -85.000000 1.373855 
66.500000 -24.000000 -25.000000 0.255609 -87.000000 1.340536 
73.500000 -24.000000 -25.000000 0.138675 -86.000000 1.534422 
89.000000 -24.000000 -25.000000 0.145865 -86.000000 1.731249 
70.400000 -23.000000 -25.000000 0.448040 -86.000000 1.597581 
69.700000 -23.000000 -25.000000 0.423374 -86.000000 1.505192 
63.600000 -22.000000 -25.000000 0.669082 -85.000000 1.300682 
70.600000 -22.000000 -25.000000 0.564368 -85.000000 1.399270 
62.600000 -22.000000 -25.000000 0.689319 -85.000000 1.565630 
60.200000 -22.000000 -25.000000 0.473542 -85.000000 1.741357 
61.333333 -22.000000 -25.000000 0.560612 -86.000000 1.761132 
65.800000 -24.000000 -25.000000 0.166667 -86.000000 1.675927 
58.900000 -20.000000 -25.000000 0.851827 -86.000000 1.394676 
35.000000 -20.000000 -25.000000 0.728804 -86.000000 1.558304 
12.100000 -20.000000 -25.000000 1.076555 -85.000000 1.875431 
2.400000 -20.000000 -25.000000 0.840250 -85.000000 1.770431 
15.300000 -20.000000 -25.000000 0.826811 -85.000000 1.794530 
30.200000 -23.000000 -25.000000 0.258199 -86.000000 1.299609 
40.200000 -22.000000 -25.000000 0.632456 -86.000000 1.243628 
35.900000 -22.000000 -25.000000 0.632456 -87.000000 1.571641 
43.000000 -22.000000 -25.000000 0.617777 -86.000000 1.822484 
38.000000 -23.000000 -25.000000 0.354152 -86.000000 1.886317 
44.000000 -23.000000 -25.000000 0.372425 -86.000000 1.556016 
51.900000 -22.000000 -25.000000 0.542711 -86.000000 1.475853 
53.444444 -22.000000 -25.000000 0.476570 -86.000000 1.673573 
33.500000 -21.000000 -25.000000 0.770707 -87.000000 1.525556 
7.500000 -21.000000 -25.000000 0.650076 -86.000000 1.965809 
0.000000 -21.000000 -25.000000 0.668078 -86.000000 1.926327 
26.300000 -24.000000 -25.000000 0.229184 -86.000000 1.950050 
63.000000 -22.000000 -25.000000 0.449964 -86.000000 1.562905 
84.500000 -22.000000 -25.000000 0.412082 -86.000000 1.445929 
80.600000 -22.000000 -25.000000 0.393919 -85.000000 1.655802 
70.500000 -25.000000 -25.000000 0.000000 -85.000000 1.400565 
89.300000 -25.000000 -25.000000 0.000000 -85.000000 1.430499 
108.000000 -25.000000 -25.000000 0.000000 -86.000000 1.268454 
122.000000 -25.000000 -25.000000 0.000000 -86.000000 1.501343 
116.200000 -25.000000 -25.000000 0.000000 -85.000000 1.976529 
120.400000 -25.000000 -25.000000 0.000000 -85.000000 1.862204 
112.400000 -25.000000 -25.000000 0.000000 -85.000000 1.592116 
97.900000 -25.000000 -25.000000 0.000000 -84.000000 1.457011 
92.444444 -25.000000 -25.000000 0.000000 -84.000000 1.299357 
107.000000 -25.000000 -25.000000 0.000000 -84.000000 1.399325 
100.100000 -25.000000 -25.000000 0.000000 -84.000000 1.105013 
102.500000 -25.000000 -25.000000 0.000000 -85.000000 1.525173 
90.300000 -25.000000 -25.000000 0.000000 -85.000000 1.497179 
92.600000 -25.000000 -25.000000 0.000000 -85.000000 1.527155 
60.000000 -25.000000 -25.000000 0.000000 -82.000000 1.794530 
31.400000 -25.000000 -25.000000 0.000000 -82.000000 1.886986 
36.200000 -25.000000 -25.000000 0.000000 -82.000000 2.108750 
50.200000 -25.000000 -25.000000 0.000000 -84.000000 2.061553 
98.100000 -25.000000 -25.000000 0.000000 -83.000000 1.778359 
123.700000 -25.000000 -25.000000 0.000000 -83.000000 1.844739 
156.000000 -25.000000 -25.000000 0.000000 -83.000000 1.718214 
141.000000 -25.000000 -25.000000 0.000000 -84.000000 1.655417 
109.600000 -25.000000 -25.000000 0.000000 -84.000000 1.369915 
84.000000 -25.000000 -25.000000 0.000000 -84.000000 1.173788 
65.777778 -25.000000 -25.000000 0.000000 -78.000000 3.379804 
120.100000 -25.000000 -25.000000 0.000000 -78.000000 2.591872 
138.200000 -25.000000 -25.000000 0.000000 -78.000000 2.365439 
143.800000 -25.000000 -25.000000 0.000000 -79.000000 2.327191 
128.300000 -25.000000 -25.000000 0.000000 -79.000000 2.515469 
139.000000 -25.000000 -25.000000 0.000000 -83.000000 2.303843 
153.600000 -25.000000 -25.000000 0.000000 -82.000000 1.643168 
156.200000 -25.000000 -25.000000 0.000000 -79.000000 2.441311 
154.100000 -25.000000 -25.000000 0.000000 -78.000000 2.596719 
179.400000 -25.000000 -25.000000 0.000000 -78.000000 2.622955 
196.500000 -25.000000 -25.000000 0.000000 -75.000000 2.499798 
215.500000 -25.000000 -25.000000 0.000000 -75.000000 2.161802 
193.500000 -25.000000 -25.000000 0.000000 -75.000000 2.164056 
137.000000 -25.000000 -25.000000 0.000000 -80.000000 1.903685 
157.800000 -25.000000 -25.000000 0.000000 -76.000000 2.686960 
197.100000 -25.000000 -25.000000 0.000000 -76.000000 2.698665 
256.666667 -25.000000 -25.000000 0.000000 -76.000000 2.608428 
213.000000 -25.000000 -25.000000 0.000000 -77.000000 2.503958 
186.300000 -25.000000 -25.000000 0.000000 -77.000000 2.613695 
171.000000 -25.000000 -25.000000 0.000000 -77.000000 2.436896 
201.600000 -25.000000 -25.000000 0.000000 -79.000000 1.032796 
214.400000 -25.000000 -25.000000 0.000000 -79.000000 2.396579 
247.500000 -25.000000 -25.000000 0.000000 -77.000000 3.603975 
224.500000 -25.000000 -25.000000 0.000000 -77.000000 3.131724 
202.300000 -25.000000 -25.000000 0.000000 -77.000000 3.117037 
166.800000 -25.000000 -25.000000 0.000000 -80.000000 2.190890 
179.500000 -25.000000 -25.000000 0.000000 -79.000000 2.579456 
213.800000 -25.000000 -25.000000 0.000000 -79.000000 2.131584 
269.900000 -25.000000 -25.000000 0.000000 -75.000000 2.449128 
294.333333 -25.000000 -25.000000 0.000000 -75.000000 2.313007 
285.400000 -25.000000 -25.000000 0.000000 -75.000000 2.301614 
220.400000 -25.000000 -25.000000 0.000000 -77.000000 1.997353 
179.900000 -25.000000 -25.000000 0.000000 -80.000000 0.927961 
136.400000 -25.000000 -25.000000 0.000000 -75.000000 2.394438 
145.700000 -25.000000 -25.000000 0.000000 -75.000000 2.694620 
141.000000 -25.000000 -25.000000 0.000000 -75.000000 2.424626 
126.300000 -25.000000 -25.000000 0.000000 -74.000000 2.750071 
147.600000 -25.000000 -25.000000 0.000000 -74.000000 2.592324 
175.600000 -25.000000 -25.000000 0.000000 -66.000000 4.758366 
182.900000 -25.000000 -25.000000 0.000000 -66.000000 3.933660 
177.100000 -25.000000 -25.000000 0.000000 -66.000000 3.729479 
174.500000 -25.000000 -25.000000 0.000000 -69.000000 2.841098 
206.800000 -25.000000 -25.000000 0.000000 -69.000000 2.619400 
224.700000 -25.000000 -25.000000 0.000000 -69.000000 2.644945 
239.800000 -25.000000 -25.000000 0.000000 -70.000000 2.306179 
215.500000 -25.000000 -25.000000 0.000000 -68.000000 3.048983 
203.300000 -25.000000 -25.000000 0.000000 -66.000000 3.555913 
197.900000 -25.000000 -25.000000 0.000000 -66.000000 3.714609 
215.600000 -25.000000 -25.000000 0.000000 -66.000000 1.175139 
206.900000 -25.000000 -25.000000 0.000000 -70.000000 2.668749 
197.600000 -25.000000 -25.000000 0.000000 -68.000000 3.504513 
193.444444 -25.000000 -25.000000 0.000000 -68.000000 3.354193 
173.300000 -25.000000 -25.000000 0.000000 -68.000000 3.604924 
150.800000 -25.000000 -25.000000 0.000000 -70.000000 3.535076 
155.500000 -25.000000 -25.000000 0.000000 -67.000000 3.872268 
189.666667 -25.000000 -25.000000 0.000000 -67.000000 3.624661 
